11111111100000010000000100010011
00000000000100000000001010010011
00000000000100000000001100010011
00000000000000000000010100010011
00000001010000000000111000010011
00000000001000000000111110010011
00000000010100010010000000100011
00000000011000010010001000100011
00000001000000000000000011101111
00000000010011111001111110010011
00000001111100010000000100110011
00000000000000000000000000000000
--00000001110011111101111001100011
00000000000111111000111110010011
00000000011000101000010100110011
11111111110000010000000100010011
00000000101000010010000000100011
00000000000000110000001010010011
00000000000001010000001100010011
--11111110011111111111000001101111
00000000000000001000000001100111


