00000001010000000000011000010011
00000000000100000000011010010011
00000000000100000000011100010011
00000000010100010010000000100011
00000000010000010000000100010011
00000000011000010010000000100011
00000000010000000000000011101111
00000000000000000000000000000000
00000000001000000000111110010011
00000000000000000000111000010011
00000010110011111101000001100011
00000000111001101000111000110011
00000000010000010000000100010011
00000000011100010010000000100011
00000000000001101000011000010011
00000000000011100000011010010011
00000000000111111000111110010011
11111110010111111111000001101111
00000000000000001000000001100111
